4
3
503 308 61 
12
1 3 449
2 3 169
1 2 116
2 3 522
2 2 167
1 1 305
1 2 647
2 3 642
1 3 808
2 3 341
1 1 44
1 2 334
1
199 
48
1 1 473
1 1 147
1 1 765
1 1 176
1 1 98
1 1 252
1 1 550
1 1 960
1 1 472
1 1 974
1 1 980
1 1 435
1 1 475
1 1 700
1 1 805
1 1 572
1 1 501
1 1 200
1 1 724
1 1 789
1 1 205
1 1 473
1 1 555
1 1 325
1 1 457
1 1 187
1 1 19
1 1 612
1 1 526
1 1 77
1 1 833
1 1 257
1 1 982
1 1 573
1 1 768
1 1 278
1 1 1000
1 1 43
1 1 247
1 1 351
1 1 601
1 1 547
1 1 761
1 1 583
1 1 85
1 1 394
1 1 199
1 1 546
5
521 947 889 546 833 
99
3 5 493
3 5 962
2 3 185
1 5 216
1 4 577
1 2 655
1 5 636
2 4 897
3 5 108
2 4 460
2 5 920
4 4 215
4 4 796
3 4 617
2 3 495
2 5 891
2 5 75
1 4 585
4 4 195
1 5 660
3 5 516
1 5 51
1 2 936
2 2 64
1 2 145
3 5 444
1 3 321
4 5 931
1 2 626
2 5 561
1 5 752
3 3 71
1 4 910
3 3 764
1 3 647
1 2 111
2 4 42
1 2 252
2 3 703
3 3 411
3 3 299
2 5 401
1 3 875
4 4 836
2 4 709
3 4 648
3 3 883
1 3 869
1 3 484
1 1 950
1 5 993
2 3 80
1 4 627
2 5 914
2 3 228
1 4 564
3 3 781
1 2 598
1 4 384
4 5 453
2 5 30
2 4 376
1 4 116
2 5 833
2 2 272
1 5 2
3 5 601
1 2 893
4 5 858
4 5 188
2 5 401
3 3 34
1 2 991
1 1 873
1 5 169
1 3 384
1 3 420
1 5 442
3 4 434
4 4 87
2 3 921
4 5 608
3 3 732
2 3 315
2 2 7
2 4 875
4 4 654
3 5 437
1 5 529
2 5 621
1 2 575
1 3 89
4 5 251
2 5 495
1 2 138
4 4 744
3 4 814
2 3 162
3 5 68
4
243 592 30 984 
94
3 4 796
1 4 944
2 4 512
1 1 193
2 3 983
2 2 485
2 3 561
2 4 500
1 4 537
2 3 639
2 3 822
1 2 749
1 2 513
1 4 722
3 4 283
1 4 954
1 1 617
1 3 979
1 2 934
3 4 449
3 4 252
2 3 265
2 4 492
1 2 766
1 4 41
1 4 530
1 4 612
4 4 634
1 2 515
1 4 287
1 1 279
2 2 193
2 3 937
1 3 495
1 4 838
1 2 649
2 4 54
3 4 682
3 4 39
2 3 269
1 1 611
3 4 414
1 4 503
2 3 99
3 4 613
3 4 8
2 3 370
2 3 418
1 2 348
1 1 985
2 3 675
2 2 62
2 4 368
2 2 172
1 2 116
1 2 467
2 4 8
3 4 152
1 2 873
1 2 700
1 2 904
2 4 902
3 4 298
1 2 357
1 4 169
3 3 603
3 4 244
1 3 700
3 4 82
2 3 490
3 3 281
1 3 886
2 4 578
1 3 655
1 2 344
1 4 364
2 3 224
4 4 272
1 3 301
2 3 988
1 3 923
1 2 936
2 3 677
1 3 506
1 4 392
3 4 812
1 2 404
2 2 620
1 1 276
1 4 680
1 3 190
3 4 118
2 4 518
1 4 546
